11
E
01.07.1999
01.07.2001
0 2 Komisárky
1 2 Pri vinohradoch
2 2 Záhumnice
3 2 Detvianska
4 2 Hybešova
6 2 Heèkova
7 2 Èernockého
8 2 Pekná cesta
9 2 Nový záhon
10 2 Vozovòa Krasòany
11 1 ŽST Vinohrady
13 1 Nám. Biely kríž
14 1 Mladá garda
15 1 Riazanská
17 1 Pionierska
18 1 Ursínyho
20 1 Raèianske mýto
22 1 Vazovova
25 1 Americké nám.
27 1 Mariánska
30 1 Jesenského
31 1 Nám. ¼. Štúra
0 0 KONIEC
3
-1
-1
-1
-1
30 47 -1
5 13 25 35 46 55 -1
5 15 25 35 45 55 -1
5 15 25 35 45 57 -1
11 25 40 55 -1
10 25 40 55 -1
10 25 40 55 -1
10 25 40 55 -1
10 25 40 55 -1
10 25 40 55 -1
8 18 28 38 48 58 -1
8 18 28 38 48 58 -1
8 18 28 38 50 -1
9 24 39 54 -1
9 24 39 54 -1
9 24 41 -1
1 21 41 -1
1 21 41 -1
1 21 41 -1
-1
-1
-1
-1
-1
35 54 -1
23 38 53 -1
5 20 35 50 -1
5 20 35 50 -1
5 20 35 50 -1
5 20 35 50 -1
5 20 35 50 -1
5 20 35 50 -1
5 20 35 50 -1
5 20 35 50 -1
5 20 35 50 -1
5 20 35 50 -1
5 20 35 50 -1
5 20 35 50 -1
5 20 35 50 -1
5 20 35 50 -1
9 29 49 -1
9 29 49 -1
9 29 49 -1
-1
-1
-1
-1
-1
40 -1
0 20 40 -1
0 20 40 -1
0 20 40 -1
0 20 40 -1
0 20 40 -1
0 20 40 -1
0 20 40 -1
0 20 40 -1
0 20 40 -1
0 20 40 -1
0 20 40 -1
0 20 40 -1
0 20 40 -1
0 20 40 -1
0 20 40 -1
0 20 40 -1
0 20 40 -1
0 20 41 -1
-1
