14
E
01.07.1999
01.07.2001
0 1 Astronomická
0 1 Chlumeckého
1 1 Súmraèná
3 1 Tomášikova
4 1 Herlianska
5 1 Pri jazere
7 1 Mraziarenská
8 1 Záhradnícka
11 1 Trnavské mýto
13 1 Legionárska
15 1 Americké nám.
17 1 Mariánska
20 1 Jesenského
21 1 Nám. ¼. Štúra
0 0 KONIEC
3
-1
-1
-1
-1
44 59 -1
10 27 37 47 55 -1
5 15 25 35 45 55 -1
5 15 25 35 45 55 -1
5 15 25 38 53 -1
8 23 38 53 -1
8 23 38 53 -1
8 23 38 53 -1
8 23 38 53 -1
8 23 38 53 -1
8 19 28 40 50 -1
0 10 20 30 40 50 -1
0 10 20 30 40 50 59 -1
10 20 35 52 -1
5 20 35 48 -1
6 21 32 45 -1
5 25 43 -1
6 26 46 -1
6 26 46 -1
9 -1
-1
-1
-1
-1
44 55 -1
8 21 36 51 -1
6 23 38 53 -1
8 23 38 53 -1
8 23 38 53 -1
8 23 38 53 -1
8 23 38 53 -1
8 23 38 53 -1
8 23 38 53 -1
8 23 38 53 -1
8 23 38 53 -1
8 23 38 53 -1
8 23 38 53 -1
8 23 38 53 -1
8 23 38 53 -1
8 28 43 55 -1
8 23 43 -1
3 23 43 -1
3 26 46 -1
6 -1
-1
-1
-1
-1
55 -1
15 41 -1
15 33 55 -1
15 35 55 -1
15 35 55 -1
15 35 55 -1
15 35 55 -1
15 35 55 -1
15 35 55 -1
15 35 55 -1
15 35 55 -1
15 35 55 -1
15 35 55 -1
15 35 55 -1
15 35 55 -1
15 35 55 -1
15 35 55 -1
15 35 55 -1
22 46 -1
9 -1
