14
E
01.07.1999
01.07.2001
0 1 Nám. ¼. Štúra
2 1 Šafárikovo nám.
4 1 Kamenné nám.
5 1 Mariánska
8 1 Americké nám.
9 1 Legionárska
12 1 Trnavské mýto
14 1 Záhradnícka
15 1 Mraziarenská
16 1 Pri jazere
17 1 Herlianska
18 1 Tomášikova
20 1 Súmraèná
21 1 Chlumeckého
22 1 Astronomická
0 0 KONIEC
3
-1
-1
-1
-1
16 30 40 51 -1
0 8 16 24 29 37 46 56 -1
6 14 26 36 46 56 -1
6 16 26 36 46 56 -1
6 16 27 36 46 59 -1
14 29 44 59 -1
14 29 44 59 -1
14 29 44 59 -1
14 29 44 59 -1
14 29 44 59 -1
5 14 19 29 40 49 -1
1 11 21 31 41 51 -1
1 11 21 31 42 51 -1
1 11 21 32 41 56 -1
13 24 39 54 -1
7 26 40 51 -1
4 25 44 -1
2 23 43 -1
3 23 44 -1
4 -1
-1
-1
-1
-1
16 30 45 -1
0 12 26 39 54 -1
9 27 44 -1
0 14 29 44 59 -1
14 29 44 59 -1
14 29 44 59 -1
14 29 44 59 -1
14 29 44 59 -1
14 29 44 59 -1
14 29 44 59 -1
14 29 44 59 -1
14 29 44 59 -1
14 29 44 59 -1
14 29 44 59 -1
14 26 41 56 -1
11 26 46 -1
1 14 27 41 -1
1 19 39 -1
0 20 44 -1
4 -1
-1
-1
-1
-1
27 47 -1
11 35 59 -1
15 33 53 -1
13 33 53 -1
13 33 53 -1
13 33 53 -1
13 33 53 -1
13 33 53 -1
13 33 53 -1
13 33 53 -1
13 33 53 -1
13 33 53 -1
13 33 53 -1
13 33 53 -1
13 33 53 -1
13 33 54 -1
13 33 53 -1
13 31 51 -1
12 38 -1
4 -1
