186
A
04.09.2000
01.07.2001
0 1 TECHNOPOL
1 1 Bradáèova
3 1 Hrobákova
5 1 Lachova
7 1 Bulíkova
9 1 Ekonomická univerzita
14 1 Prístavný most
15 1 Mliekárenská
18 1 Bajkalská
0 0 KONIEC
4
-1
-1
-1
-1
-1
10 24 37 50 -1
3 16 29 42 55 -1
8 21 34 47 -1
0 13 26 43 -1
0 18 36 54 -1
12 30 48 -1
6 24 42 -1
0 18 36 54 -1
12 30 48 -1
2 15 28 41 54 -1
7 20 33 46 59 -1
12 25 38 51 -1
4 17 30 43 56 -1
9 22 35 48 -1
1 14 27 40 53 -1
-1
-1
-1
-1
-1
-1
-1
-1
-1
10 26 42 58 -1
14 30 46 -1
2 18 34 50 -1
6 22 38 -1
0 22 44 -1
6 28 50 -1
12 34 56 -1
18 40 -1
2 24 46 -1
8 30 50 -1
7 23 39 55 -1
11 27 43 59 -1
15 31 47 -1
3 19 35 51 -1
9 29 49 -1
-1
-1
-1
-1
-1
-1
-1
-1
-1
9 29 49 -1
9 29 49 -1
9 29 49 -1
9 29 49 -1
9 29 49 -1
9 29 49 -1
9 29 49 -1
9 29 49 -1
9 29 49 -1
9 29 49 -1
9 29 49 -1
9 29 49 -1
9 29 49 -1
9 29 49 -1
9 29 49 -1
-1
-1
-1
-1
-1
-1
-1
-1
-1
-1
-1
-1
-1
-1
-1
-1
-1
-1
-1
-1
-1
-1
-1
-1
-1
-1
-1
-1