191
A
04.09.2000
01.07.2001
0 1 Nový most
2 1 Dvory
3 1 Ševèenkova
5 1 zKolmá
6 1 Nákupná zóna Lúky
9 1 zJasovská
11 2 zJarovce-záhrady
12 2 zStrelnica
13 2 zPíla
14 2 Jarovce
16 2 +Št. hr. Jarovce
16 2 Sady
18 2 Kovácsova
19 2 Vývojová
20 2 MiÚ Rusovce
21 2 Kaštie¾ Rusovce
22 2 ŽST Rusovce
0 0 KONIEC
3
-1
-1
-1
-1
-1
25+ 42 57 -1
12 23 27 42 57 -1
12 27 -1
-1
-1
-1
-1
-1
56 -1
14 29 44 59 -1
14 29 44 59 -1
14 29 44 59 -1
14 29 -1
-1
-1
-1
-1
-1
-1
-1
-1
-1
-1
-1
25+ 42 57 -1
12 23 27 42 57 -1
12 27 -1
-1
-1
-1
-1
-1
56 -1
14 29 44 59 -1
14 29 44 59 -1
14 29 44 59 -1
14 29 -1
-1
-1
-1
-1
-1
-1
-1
-1
-1
-1
-1
-1
-1
-1
-1
-1
-1
-1
-1
-1
-1
-1
-1
-1
-1
-1
-1
-1
-1
-1
