191
A
04.09.2000
01.07.2001
0 2 ŽST Rusovce
1 2 Kaštie¾ Rusovce
2 2 MiÚ Rusovce
3 2 Vývojová
4 2 Kovácsova
7 2 Sady
8 2 Jarovce
9 2 zPíla
9 2 zStrelnica
10 2 zJarovce-záhrady
13 1 Jasovská
16 1 Nákupná zóna Lúky
17 1 zKolmá
18 1 Ševèenkova
20 1 Dvory
22 1 Nový most
0 0 KONIEC
3
-1
-1
-1
-1
-1
55 -1
10 25 40 55 -1
10 25 40 55 -1
-1
-1
-1
-1
-1
-1
12 34 56 -1
15 30 45 -1
0 15 30 45 -1
0 15 30 45 -1
0 15 -1
-1
-1
-1
-1
-1
-1
-1
-1
-1
-1
55 -1
10 25 40 55 -1
10 25 40 55 -1
-1
-1
-1
-1
-1
-1
12 34 56 -1
15 30 45 -1
0 15 30 45 -1
0 15 30 45 -1
0 15 -1
-1
-1
-1
-1
-1
-1
-1
-1
-1
-1
-1
-1
-1
-1
-1
-1
-1
-1
-1
-1
-1
-1
-1
-1
-1
-1
-1
-1
-1
