202
T
04.09.1999
01.07.2001
0 1 Rajská
2 1 Ul. 29. augusta
4 1 AS Mlynské nivy
6 1 Košická
8 1 Miletièova
10 1 Prievozská
12 1 Hranièná
14 1 Gagarinova
15 1 Brodná
16 1 Ondrejovova
17 1 Ríbez¾ová
19 1 Cintorín Ružinov
20 2 Za mostom
21 2 Priekopnícka
22 2 Komárovská
23 2 Toryská
24 2 Hronská
25 2 Dudvážska
27 2 Èiližská
0 0 KONIEC
3
-1
-1
-1
-1
-1
2 29 45 53 -1
0 16 24 32 40 48 56 -1
4 13 21 29 37 45 53 -1
2 12 22 32 42 52 -1
2 12 22 32 42 52 -1
2 12 22 32 42 52 -1
2 12 22 32 42 52 -1
2 12 22 32 42 52 -1
2 12 22 32 42 52 -1
1 9 17 25 33 41 49 57 -1
5 13 21 29 37 46 54 -1
2 10 18 26 34 42 50 58 -1
6 14 22 30 38 46 55 -1
5 15 25 40 55 -1
10 25 40 55 -1
10 25 40 55 -1
14 32 52 -1
12 32 52 -1
13 -1
-1
-1
-1
-1
-1
2 11 21 31 41 51 -1
1 12 22 32 42 52 -1
2 12 22 32 42 52 -1
2 12 22 32 42 52 -1
2 12 22 32 42 52 -1
2 12 22 32 42 52 -1
2 12 22 32 42 52 -1
2 12 22 32 42 52 -1
2 12 22 32 42 52 -1
2 12 22 32 42 52 -1
2 12 22 32 42 52 -1
2 12 22 32 42 52 -1
2 12 22 32 42 52 -1
2 12 22 32 42 52 -1
2 12 22 32 42 52 -1
2 14 26 38 50 -1
2 14 26 38 53 -1
11 32 52 -1
13 -1
-1
-1
-1
-1
-1
2 11 21 31 41 51 -1
1 12 22 32 42 52 -1
2 12 22 32 42 52 -1
2 12 22 32 42 52 -1
2 12 22 32 42 52 -1
2 12 22 32 42 52 -1
2 12 22 32 42 52 -1
2 12 22 32 42 52 -1
2 12 22 32 42 52 -1
2 12 22 32 42 52 -1
2 12 22 32 42 52 -1
2 12 22 32 42 52 -1
2 12 22 32 42 52 -1
2 12 22 32 42 52 -1
2 12 22 32 42 52 -1
2 14 26 38 50 -1
2 14 26 38 53 -1
11 32 52 -1
13 -1
