20
A
04.09.2000
01.07.2001
0 2 Opletalova
1 2 +Pri tehelni
2 2 +Bystrická
2 2 ŽST Devínska Nová Ves
3 2 Mlynská
5 2 Novoveská
6 2 Hradištná
7 2 Milana Mareèka
8 2 Štefana Králika
9 2 zVápenka
9 2 zKrpáš
10 2 zPo¾nohospodárske uèilište
13 2 Technické sklo
14 2 zFurmanská
16 2 Pri kríži
17 2 OD Saratov
0 0 KONIEC
3
-1
-1
-1
-1
-1
0 20 37 53 -1
6 19 32 45 58 -1
11 24 37 50 -1
3 20 40 -1
0 20 40 -1
0 20 40 -1
0 20 40 -1
0 20 40 -1
0 20 40 -1
1 14 27 40 53 -1
6 19 32 45 58 -1
11 24 37 50 -1
3 16 29 42 55 -1
10 25 40 -1
0 20 40 -1
0 20 40 -1
0 20 40 -1
0 20 40 -1
0 -1
-1
-1
-1
-1
-1
0 20 37 53 -1
6 19 32 45 58 -1
11 24 37 50 -1
3 20 40 -1
0 20 40 -1
0 20 40 -1
0 20 40 -1
0 20 40 -1
0 20 40 -1
1 14 27 40 53 -1
6 19 32 45 58 -1
11 24 37 50 -1
3 16 29 42 55 -1
10 25 40 -1
0 20 40 -1
0 20 40 -1
0 20 40 -1
0 20 40 -1
0 -1
-1
-1
-1
-1
-1
0 25 50 -1
15 40 -1
5 25 45 -1
5 30 50 -1
10 35 55 -1
15 35 55 -1
15 35 55 -1
15 35 55 -1
15 35 55 -1
15 35 55 -1
20 40 -1
0 25 45 -1
5 25 50 -1
10 30 50 -1
15 35 55 -1
20 40 -1
0 20 40 -1
0 20 40 -1
0 -1
