20
A
04.09.2000
01.07.2001
0 2 OD Saratov
1 2 Pri kríži
2 2 zFurmanská
4 2 Technické sklo
6 2 zPo¾nohospodárske uèilište
6 2 zKrpáš
7 2 zVápenka
9 2 Štefana Králika
10 2 Milana Mareèka
11 2 Hradištná
13 2 Novoveská
14 2 Mlynská
15 2 ŽST Devínska Nová Ves
16 2 Bystrická
17 2 Pri tehelni
18 2 Opletalova
0 0 KONIEC
3
-1
-1
-1
-1
50 -1
12 39 52 -1
5 18 31 44 57 -1
10 23 36 49 -1
2 15 28 45 -1
5 25 45 -1
5 25 45 -1
5 25 45 -1
5 25 45 -1
5 25 45 -1
0 13 26 39 52 -1
5 18 31 44 57 -1
10 23 36 49 -1
2 15 28 41 55 -1
15 35 50 -1
5 25 45 -1
5 25 45 -1
5 25 45 -1
5 25 45 -1
5 -1
-1
-1
-1
-1
50 -1
12 39 52 -1
5 18 31 44 57 -1
10 23 36 49 -1
2 15 28 45 -1
5 25 45 -1
5 25 45 -1
5 25 45 -1
5 25 45 -1
5 25 45 -1
0 13 26 39 52 -1
5 18 31 44 57 -1
10 23 36 49 -1
2 15 28 41 55 -1
15 35 50 -1
5 25 45 -1
5 25 45 -1
5 25 45 -1
5 25 45 -1
5 -1
-1
-1
-1
-1
50 -1
25 50 -1
10 30 48 -1
10 30 50 -1
10 30 55 -1
15 35 -1
0 20 40 -1
0 20 40 -1
0 20 40 -1
0 20 40 -1
0 20 40 -1
0 20 45 -1
5 25 50 -1
10 30 50 -1
15 35 55 -1
15 40 -1
0 20 45 -1
5 25 45 -1
5 25 45 -1
5 -1
