21
A
04.09.2000
01.07.2001
0 2 VW Bratislava
1 2 Kremencová
2 2 Mlynská
4 2 Novoveská
5 2 Hradištná
7 2 Milana Mareèka
8 2 Štefana Králika
21 1 Patrónka
26 1 Predstanièné námestie
29 1 Raèianske mýto
31 1 Krížna
34 1 AS Mlynské nivy
0 0 KONIEC
3
-1
-1
-1
-1
30 50 -1
5 20 30 38 45 50 55 -1
0 5 10 15 20 25 29 33 37 41 45 49 53 57 -1
2 7 13 19 25 31 37 43 49 56 -1
5 16 30 50 -1
10 31 51 -1
11 31 51 -1
11 31 51 -1
11 31 51 -1
11 31 45 55 -1
15 25 31 37 43 49 55 -1
1 7 13 19 25 31 37 43 49 55 -1
1 7 13 19 25 31 37 43 49 55 -1
1 7 13 19 25 31 37 43 49 -1
2 22 42 -1
2 22 42 -1
2 22 42 -1
2 22 42 -1
2 22 42 -1
-1
-1
-1
-1
-1
30 50 -1
5 20 30 40 48 55 -1
1 7 13 19 25 31 37 43 49 55 -1
1 7 13 19 25 31 37 43 49 55 -1
1 15 35 55 -1
15 35 55 -1
15 35 55 -1
15 35 55 -1
15 35 55 -1
15 35 50 -1
5 20 30 37 44 51 58 -1
5 12 19 26 33 40 47 54 -1
1 8 15 22 29 36 43 50 57 -1
4 11 18 25 32 40 50 -1
0 22 42 -1
2 22 42 -1
2 22 42 -1
2 22 42 -1
2 22 42 -1
-1
-1
-1
-1
-1
30 59 -1
22 42 -1
2 22 42 -1
2 22 42 -1
2 22 42 -1
2 22 42 -1
2 22 42 -1
2 22 42 -1
2 22 42 -1
2 22 42 -1
2 22 42 -1
2 22 42 -1
2 22 42 -1
2 22 42 -1
2 22 42 -1
2 22 42 -1
2 22 42 -1
2 22 42 -1
12 22 42 -1
-1
