22
A
08.01.2001
01.07.2001
0 2 Na hriadkach
1 2 Hradištná
2 2 Milana Mareèka
3 2 Štefana Králika
5 2 zVápenka
5 2 zKrpáš
6 2 zPo¾nohospodárske uèilište
9 2 zFurmanská
10 2 Pri kríži
11 2 OD Saratov
12 2 Drobného
12 2 Alexyho
0 0 KONIEC
3
-1
-1
-1
-1
-1
50 -1
5 18 31 44 57 -1
10 23 36 49 -1
3 15 35 55 -1
15 35 55 -1
15 35 55 -1
15 35 55 -1
15 35 55 -1
15 35 55 -1
13 26 39 52 -1
5 18 31 44 57 -1
10 23 36 49 -1
2 15 28 41 54 -1
7 22 37 55 -1
15 35 55 -1
15 35 -1
-1
-1
-1
-1
-1
-1
-1
-1
-1
-1
-1
-1
-1
-1
-1
-1
-1
-1
-1
-1
-1
-1
-1
-1
-1
-1
-1
-1
-1
-1
-1
-1
-1
-1
-1
-1
-1
-1
-1
-1
-1
-1
-1
-1
-1
-1
-1
-1
-1
-1
-1
