29
A
20.11.2000
01.07.2001
0 1 Nový most
2 1 Tunel
3 1 Park kultúry
4 1 Lafranconi
5 1 Botanická záhrada
7 1 Riviéra
8 2 zJurigrad
10 2 zVodáreò
11 2 zKadleèík
12 2 zZlaté schody
13 2 zHájovòa
15 2 zPri záhradách
16 2 zNový kameòolom
17 2 zStarý kameòolom
18 2 zZa kameòolomom
19 2 zKreme¾ská
20 2 ZŠ Devín
20 2 Nám. práce
21 2 Štrbská
21 2 Devín
22 2 Hrad Devín
0 0 KONIEC
3
-1
-1
-1
-1
15 45 -1
10 35 -1
0 25 50 -1
15 37 -1
02 38 -1
14 50 -1
26 -1
2 38 -1
14 50 -1
26 -1
2 27 52 -1
17 42 -1
7 32 57 -1
22 47 -1
12 40 -1
10 45 -1
20 55 -1
30 -1
5 44 -1
-1
-1
-1
-1
-1
15 45 -1
10 35 -1
0 25 50 -1
15 37 -1
02 38 -1
14 50 -1
26 -1
2 38 -1
14 50 -1
26 -1
2 27 52 -1
17 42 -1
7 32 57 -1
22 47 -1
12 40 -1
10 45 -1
20 55 -1
30 -1
5 44 -1
-1
-1
-1
-1
-1
15 45 -1
15 45 -1
20 55 -1
30 -1
5 40 -1
15 50 -1
25 -1
0 35 -1
10 45 -1
20 55 -1
30 -1
5 40 -1
15 50 -1
25 -1
0 35 -1
10 45 -1
20 55 -1
30 -1
5 44 -1
-1
