29
A
20.11.2000
01.07.2001
0 2 Hrad Devín
0 2 Devín
1 2 Štrbská
2 2 Nám. práce
3 2 ZŠ Devín
4 2 zKreme¾ská
5 2 zZa kameòolomom
5 2 zStarý kameòolom
6 2 zNový kameòolom
7 2 zPri záhradách
8 2 zHájovòa
9 2 zZlaté schody
10 2 zKadleèík
11 2 zVodáreò
13 2 zJurigrad
14 1 Riviéra
16 1 Botanická záhrada
17 1 Lafranconi
18 1 Park kultúry
19 1 Tunel
21 1 Nový most
0 0 KONIEC
3
-1
-1
-1
-1
45 -1
20 55 -1
20 45 -1
10 28 -1
0 25 50 -1
23 59 -1
35 -1
11 47 -1
23 59 -1
35 -1
11 47 -1
12 37 -1
2 27 52 -1
17 42 -1
7 32 56 -1
20 55 -1
30 -1
5 40 -1
10 40 -1
15 -1
-1
-1
-1
-1
45 -1
20 55 -1
20 45 -1
10 28 -1
0 25 50 -1
23 59 -1
35 -1
11 47 -1
23 59 -1
35 -1
11 47 -1
12 37 -1
2 27 52 -1
17 42 -1
7 32 56 -1
20 55 -1
30 -1
5 40 -1
10 40 -1
15 -1
-1
-1
-1
-1
45 -1
20 55 -1
30 -1
5 40 -1
15 50 -1
25 -1
0 35 -1
10 45 -1
20 55 -1
30 -1
5 40 -1
15 50 -1
25 -1
0 35 -1
10 45 -1
20 55 -1
30 -1
5 40 -1
10 40 -1
15 -1
