31
A
04.09.2000
01.07.2001
0 1 Cintorín Slávièie údolie
1 1 Televízia
2 1 Slávièie údolie
4 1 Lafranconi
5 1 Park kultúry
7 1 Tunel
11 1 Zochova
13 1 Nám. 1. mája
15 1 Vazovova
19 1 Raèianske mýto
20 1 Trnavské mýto
22 1 Jelaèièova
0 0 KONIEC
3
-1
-1
-1
-1
-1
41 55 -1
09 23 37 51 -1
05 19 33 47 -1
01 15 27 40 -1
00 20 40 -1
00 20 40 -1
00 20 40 -1
00 20 40 -1
00 20 40 -1
00 19 35 49 -1
03 17 31 45 59 -1
13 27 41 55 -1
09 23 37 51 -1
05 19 33 48 -1
04 21 39 57 -1
15 33 51 -1
09 27 45 -1
05 25 45 -1
-1
-1
-1
-1
-1
-1
-1
-1
-1
-1
-1
-1
-1
-1
-1
-1
-1
-1
-1
-1
-1
-1
-1
-1
-1
-1
-1
-1
-1
-1
-1
-1
-1
-1
-1
-1
-1
-1
-1
-1
-1
-1
-1
-1
-1
-1
-1
-1
-1
