31
A
04.09.2000
01.07.2001
0 1 Jelaèièova
3 1 Trnavské mýto
6 1 Raèianske mýto
7 1 Povraznícka
9 1 Technická univerzita
11 1 Nám. 1. mája
13 1 Zochova
16 1 Tunel
17 1 Park kultúry
18 1 Lafranconi
20 1 Slávièie údolie
22 1 Televízia
23 1 Cintorín Slávièie údolie
0 0 KONIEC
3
-1
-1
-1
-1
-1
-1
05 33 47 -1
01 15 29 43 57 -1
13 30 50 -1
10 30 50 -1
10 30 50 -1
10 30 50 -1
10 30 50 -1
10 30 50 -1
07 35 49 -1
03 17 31 45 59 -1
13 27 41 55 -1
09 23 37 51 -1
05 20 42 56 -1
14 30 50 -1
08 26 44 -1
02 20 38 56 -1
14 -1
-1
-1
-1
-1
-1
-1
-1
-1
-1
-1
-1
-1
-1
-1
-1
-1
-1
-1
-1
-1
-1
-1
-1
-1
-1
-1
-1
-1
-1
-1
-1
-1
-1
-1
-1
-1
-1
-1
-1
-1
-1
-1
-1
-1
-1
-1
-1
-1
-1
