32
A
03.07.2000
01.07.2001
0 1 Hlavná stanica
1 1 SAV
2 1 Sokolská
4 1 Bárdošova
4 1 Magurská
6 1 Nemocnica Kramáre
8 1 Pri Suchom mlyne
11 1 zZOO
12 1 Slávièie údolie
13 1 Botanická záhrada
16 1 Molecova
17 1 Janotova
18 1 Pri podchode
19 1 Hany Melièkovej
20 1 Tománkova
21 1 ZŠ Majerníkova
22 1 Kuklovská
0 0 KONIEC
3
-1
-1
-1
-1
30 50 -1
06 22 34 54 -1
14 34 54 -1
14 34 54 -1
14 34 54 -1
18 42 -1
06 30 54 -1
18 42 -1
06 30 54 -1
14 34 54 -1
14 34 54 -1
14 34 54 -1
14 34 54 -1
14 34 54 -1
14 34 54 -1
14 34 54 -1
14 34 -1
-1
-1
-1
-1
-1
-1
-1
30 50 -1
06 22 40 -1
00 20 40 -1
00 20 42 -1
02 24 44 -1
04 24 44 -1
04 24 46 -1
10 34 58 -1
22 46 -1
10 34 58 -1
20 40 -1
00 20 40 -1
00 20 40 -1
00 20 40 -1
00 24 48 -1
12 36 -1
05 34 -1
-1
-1
-1
-1
-1
-1
-1
17 -1
02 28 56 -1
20 46 -1
14 41 -1
08 35 -1
02 29 56 -1
23 50 -1
17 44 -1
11 38 -1
05 32 59 -1
26 53 -1
20 47 -1
14 41 -1
08 35 -1
02 29 56 -1
23 50 -1
17 44 -1
-1
-1
-1
