33
A
03.07.2000
01.07.2001
0 1 Molecova
1 1 Janotova
2 1 Pri podchode
3 1 Hany Melièkovej
4 1 Tománkova
4 1 Matejkova
5 1 ZŠ Majerníkova
6 1 Kuklovská
0 0 KONIEC
3
-1
-1
-1
-1
20 32 44 59 -1
06 13 20 27 34 40 45 50 55 -1
00 05 16 21 26 36 41 46 56 -1
01 06 16 21 26 36 41 46 56 -1
01 06 15 21 27 37 47 57 -1
07 21 41 53 -1
05 17 29 41 53 -1
05 17 29 45 -1
05 17 29 41 53 -1
05 17 26 33 36 41 46 53 56 -1
01 06 16 21 26 31 36 41 46 56 -1
01 06 16 21 26 36 41 46 56 -1
01 06 16 21 26 36 41 46 56 -1
01 06 16 21 26 36 41 46 57 -1
01 06 15 20 35 40 45 55 -1
05 20 35 45 -1
00 15 25 36 50 -1
04 19 35 51 -1
07 23 41 -1
05 -1
-1
-1
-1
-1
20 32 41 53 57 -1
03 09 16 24 30 36 40 44 50 56 -1
04 14 20 27 34 40 47 54 -1
00 07 14 19 24 28 34 39 44 48 54 -1
06 20 28 39 47 -1
05 17 29 44 -1
03 11 29 37 51 -1
00 15 23 39 47 -1
03 11 27 35 51 59 -1
15 23 31 39 47 55 -1
03 11 18 24 29 34 44 49 54 -1
04 09 14 24 29 34 44 49 54 -1
04 09 14 24 29 34 44 49 54 -1
04 09 24 34 44 49 54 -1
04 11 23 35 50 58 -1
14 22 38 46 -1
02 10 26 34 50 -1
00 13 23 37 51 -1
07 23 39 -1
05 -1
-1
-1
-1
-1
20 41 51 -1
02 09 23 32 50 59 -1
17 26 44 53 -1
11 20 38 47 -1
05 14 32 41 59 -1
08 26 35 53 -1
02 20 29 47 56 -1
14 23 41 50 -1
08 17 35 44 -1
02 11 29 38 56 -1
05 23 32 50 59 -1
17 26 44 53 -1
11 20 38 47 -1
05 14 32 41 59 -1
08 26 35 53 -1
02 20 29 48 56 -1
14 23 41 50 -1
08 21 34 50 -1
07 23 41 -1
05 -1
