35
A
03.07.2000
01.07.2001
0 2 Lamaè
1 2 Klanec
1 2 Studenohorská
2 2 Podhájska
3 2 Bakošova
5 2 Vranèovièova
6 2 Hodonínska
7 2 Záluhy
8 2 Bilíkova
10 2 Alexyho
11 2 Drobného
12 2 OD Saratov
13 2 Pri kríži
0 0 KONIEC
3
-1
-1
-1
-1
-1
20 48 -1 
15 35 55 -1
15 35 55 -1
13 50 -1
45 -1
40 -1
35 -1
30 -1
25 50 -1
10 35 -1
00 30 55 -1
25 50 -1
15 40 -1
30 -1
10 -1
05 -1
00 50 -1
-1
-1
-1
-1
-1
-1
-1
20 -1
15 55 -1
35 -1
13 50 -1
45 -1
40 -1
35 -1
30 -1
25 -1
10 -1
00 55 -1
50 -1
40 -1
30 -1
10 -1
05 -1
00 50 -1
-1
-1
-1
-1
-1
-1
-1
20 -1
10 -1
00 55 -1
50 -1
40 -1
35 -1
25 -1
20 -1
10 -1
00 50 -1
40 -1
35 -1
30 -1
20 -1
10 -1
05 -1
00 50 -1
-1
-1
