37
A
10.01.2000
01.07.2001
0 1 Nový most
3 1 Park kultúry
6 1 Slávièie údolie
7 1 zZOO
9 1 Patrónka
13 2 Záluhy
15 2 Vranèovièova
16 2 OD Lamaè
17 2 zPri krematóriu
18 2 zDružstevné sklady
19 2 zDievèí hrádok
20 2 TV Markíza
21 2 Krèe
22 2 MiÚ Záh. Bystrica
24 2 Záhorská Bystrica
0 0 KONIEC
3
-1
-1
-1
-1
17 33 49 -1
04 16 28 40 52 -1
03 15 27 39 51 -1
03 15 27 39 51 -1
11 31 51 -1
11 31 51 -1
11 31 51 -1
11 31 51 -1
11 31 51 -1
11 27 41 53 -1
05 17 29 41 53 -1
05 17 29 41 53 -1
05 17 29 41 53 -1
05 17 29 43 59 -1
15 31 50 -1
10 30 50 -1
10 30 50 -1
10 30 -1
00 30 -1
00 -1
-1
-1
-1
-1
20 40 -1
00 15 30 45 -1
00 15 30 45 -1
00 15 30 45 -1
00 20 40 -1
00 20 40 -1
00 20 40 -1
00 20 40 -1
00 20 40 -1
00 20 40 55 -1
10 25 40 55 -1
10 25 40 55 -1
10 25 40 55 -1
10 25 40 55 -1
10 25 45 -1
05 25 45 -1
05 25 45 -1
05 30 -1
01 30 -1
00 -1
-1
-1
-1
-1
31 -1
05 30 55 -1
20 45 -1
10 35 55 -1
15 35 55 -1
15 35 55 -1
15 35 55 -1
15 35 55 -1
15 35 55 -1
15 35 55 -1
15 35 55 -1
15 35 55 -1
15 35 55 -1
15 40 -1
05 30 55 -1
20 45 -1
10 35 -1
00 25 -1
00 30 -1
00 -1
