39
A
03.07.2000
01.07.2001
0 1 Cintorín Slávièie údolie
1 1 Televízia
2 1 Slávièie údolie
4 1 Lafranconi
5 1 Park kultúry
7 1 Tunel
11 1 Zochova
13 1 Nám. 1. mája
15 1 Vazovova
19 1 Raèianske mýto
20 1 Trnavské mýto
22 1 Zimný štadión
24 1 Bajkalská
25 1 Sabinovská
26 1 IKEA
28 1 zZávod SAD
30 1 Martinský cintorín
31 1 Clementisova
32 1 Ivanská cesta
33 1 Súhvezdná
0 0 KONIEC
3
-1
-1
-1
-1
50 -1
15 34 48 -1
02 16 30 44 58 -1
12 26 40 54 -1
12 31 50 -1
10 30 50 -1
10 30 50 -1
10 30 50 -1
10 30 50 -1
10 30 50 -1
10 28 42 56 -1
10 24 38 52 -1
06 20 34 48 -1
02 16 30 44 58 -1
12 26 40 56 -1
12 30 48 -1
06 24 42 -1
00 18 36 55 -1
15 40 -1
05 -1
-1
-1
-1
-1
50 -1
15 30 43 56 -1
08 20 32 44 56 -1
08 20 32 44 56 -1
08 20 32 44 56 -1
08 20 32 44 56 -1
08 20 32 44 56 -1
08 20 32 44 56 -1
08 20 32 44 56 -1
08 20 32 44 56 -1
08 20 32 44 56 -1
08 20 32 44 56 -1
08 20 32 44 56 -1
08 20 32 44 56 -1
08 20 34 46 58 -1
10 22 34 46 58 -1
10 22 34 46 58 -1
10 22 35 50 -1
05 25 45 -1
05 -1
-1
-1
-1
-1
50 -1
15 35 55 -1
15 30 45 -1
00 15 30 45 -1
00 15 30 45 -1
00 15 30 45 -1
00 15 30 45 -1
00 15 30 45 -1
00 15 30 45 -1
00 15 30 45 -1
00 15 30 45 -1
00 15 30 45 -1
00 15 30 45 -1
00 15 30 45 -1
00 15 30 45 -1
00 15 30 45 -1
00 15 30 45 -1
05 25 45 -1
05 25 45 -1
05 -1
