39
A
03.07.2000
01.07.2001
0 1 Súhvezdná
2 1 Ivanská cesta
3 1 Clementisova
4 1 Martinský cintorín
5 1 zZávod SAD
7 1 IKEA
8 1 Sabinovská
9 1 Bajkalská
11 1 Zimný štadión
13 1 Trnavské mýto
16 1 Raèianske mýto
17 1 Povraznícka
19 1 Technická univerzita
21 1 Nám. 1. mája
23 1 Zochova
26 1 Tunel
27 1 Park kultúry
28 1 Lafranconi
30 1 Slávièie údolie
32 1 Televízia
33 1 Cintorín Slávièie údolie
0 0 KONIEC
3
-1
-1
-1
-1
15 40 -1
00 19 34 48 -1
02 16 30 44 58 -1
12 26 40 53 -1
10 30 50 -1
10 30 50 -1
10 30 50 -1
10 30 50 -1
10 30 50 -1
10 30 50 -1
04 18 32 46 -1
00 14 28 42 56 -1
10 24 38 52 -1
06 20 34 48 -1
02 20 38 56 -1
14 32 50 -1
08 26 44 -1
02 20 38 56 -1
15 30 45 -1
00 -1
-1
-1
-1
-1
15 40 -1
00 15 30 42 54 -1
06 18 30 42 54 -1
06 18 30 42 54 -1
06 18 30 42 54 -1
06 18 30 42 54 -1
06 18 30 42 54 -1
06 18 30 42 54 -1
06 18 30 42 54 -1
06 18 30 42 54 -1
06 18 30 42 54 -1
06 18 30 42 54 -1
06 18 30 42 54 -1
06 18 30 42 54 -1
06 18 30 42 54 -1
06 18 30 42 54 -1
06 19 30 42 55 -1
10 30 45 -1
00 15 30 45 -1
00 -1
-1
-1
-1
-1
15 40 -1
00 20 40 55 -1
10 25 40 55 -1
10 25 40 55 -1
10 25 40 55 -1
10 25 40 55 -1
10 25 40 55 -1
10 25 40 55 -1
10 25 40 55 -1
10 25 40 55 -1
10 25 40 55 -1
10 25 40 55 -1
10 25 40 55 -1
10 25 40 55 -1
10 25 40 55 -1
10 25 40 55 -1
10 30 50 -1
10 30 45 -1
00 15 30 45 -1
00 -1
