3
E
01.07.1999
01.07.2001
0 1 Hlavná stanica
0 1 Predstanièné nám.
2 1 Žilinská
5 1 Floriánske nám.
6 1 Vazovova
8 1 Raèianske mýto
9 1 Ursínyho
11 1 Pionierska
12 1 Riazanská
13 1 Mladá garda
14 1 Nám. Biely kríž
16 1 ŽST Vinohrady
17 2 Vozovòa Krasòany
18 2 Nový záhon
19 2 Pekná cesta
20 2 Èernockého
21 2 Heèkova
23 2 Hybešova
24 2 Detvianska
25 2 Záhumnice
26 2 Pri vinohradoch
27 2 Komisárky
0 0 KONIEC
3
-1
-1
-1
-1
16 30 40 5 -1
0 8 16 24 29 37 46 5 -1
6 14 26 36 46 5 -1
6 16 26 36 46 5 -1
6 16 27 36 46 5 -1
14 29 44 5 -1
14 29 44 5 -1
14 29 44 5 -1
14 29 44 5 -1
14 29 44 5 -1
5 14 19 29 40 4 -1
1 11 21 31 41 5 -1
1 11 21 31 42 5 -1
1 11 21 32 41 5 -1
13 24 39 5 -1
7 26 40 5 -1
4 25 4 -1
2 23 4 -1
3 23 4 -1
0 -1
-1
-1
-1
-1
16 30 4 -1
0 12 26 39 5 -1
9 27 4 -1
0 14 29 44 5 -1
14 29 44 5 -1
14 29 44 5 -1
14 29 44 5 -1
14 29 44 5 -1
14 29 44 5 -1
14 29 44 5 -1
14 29 44 5 -1
14 29 44 5 -1
14 29 44 5 -1
14 29 44 5 -1
14 26 41 5 -1
11 26 4 -1
1 14 27 4 -1
1 19 3 -1
0 20 4 -1
0 -1
-1
-1
-1
-1
27 4 -1
11 35 5 -1
15 33 5 -1
13 33 5 -1
13 33 5 -1
13 33 5 -1
13 33 5 -1
13 33 5 -1
13 33 5 -1
13 33 5 -1
13 33 5 -1
13 33 5 -1
13 33 5 -1
13 33 5 -1
13 33 5 -1
13 33 5 -1
13 33 5 -1
13 31 5 -1
12 3 -1
0 -1
