41
A
02.05.2000
01.07.2001
0 1 Hlavná stanica
0 1 SAV
2 1 Sokolská
4 1 Hroboòova
5 1 Prokopa Ve¾kého
6 1 Amfiteáter
7 1 Slov. nár. archív
8 1 Šafranová
0 0 KONIEC
3
-1
-1
-1
-1
-1
10 40 -1
10 40 55 -1
10 25 40 5 -1
10 25 40 -1
10 40 -1
10 40 -1
10 40 -1
10 40 -1
10 55 -1
25 55 -1
10 25 40 55 -1
10 25 40 55 -1
10 40 -1
10 25 40 -1
10 40 -1
10 40 -1
10 40 -1
10 45 -1
-1
-1
-1
-1
-1
-1
10 40 -1
10 40 -1
10 40 -1
40 -1
10 40 -1
10 40 -1
10 40 -1
40 -1
10 40 -1
10 40 -1
10 40 -1
10 40 -1
10 40 -1
40 -1
10 40 -1
10 40 -1
40 -1
10 45 -1
-1
-1
-1
-1
-1
-1
10 40 -1
10 40 -1
10 40 -1
40 -1
10 40 -1
10 40 -1
10 40 -1
40 -1
10 40 -1
10 40 -1
10 40 -1
10 40 -1
10 40 -1
40 -1
10 40 -1
10 40 -1
40 -1
10 45 -1
-1
