49
A
10.01.2000
01.07.2001
0 1 Nár. onkolog. ústav
0 1 Klenová
1 1 Vlárska
2 1 Nemocnica Kramáre
4 1 Ïumbierska
4 1 Pri Suchom mlyne
5 1 Patrónka
7 1 Vojenská nemocnica
0 0 KONIEC
3
-1
-1
-1
-1
-1
15 38 -1
18 43 59 -1
24 -1
00 54 -1
10 45 -1
20 54 -1
10 45 -1
20 54 -1
10 55 -1
35 -1
08 39 -1
08 33 58 -1
19 54 -1
29 53 -1
15 -1
10 -1
07 -1
-1
-1
-1
-1
-1
-1
-1
15 38 -1
18 43 59 -1
24 -1
00 54 -1
10 45 -1
20 54 -1
10 45 -1
20 54 -1
10 55 -1
35 -1
08 39 -1
08 33 58 -1
19 54 -1
29 53 -1
15 -1
10 -1
07 -1
-1
-1
-1
-1
-1
-1
-1
15 38 -1
18 43 59 -1
24 -1
00 54 -1
10 45 -1
20 54 -1
10 45 -1
20 54 -1
10 55 -1
35 -1
08 39 -1
08 33 58 -1
19 54 -1
29 53 -1
15 -1
10 -1
07 -1
-1
-1
