50
A
04.09.2000
01.07.2001
0 1 OD Slimák
0 1 Kukuèínova
2 1 Hálkova
4 1 POLUS CITY CENTER
7 1 ŽST Nové Mesto
10 1 IKEA
10 1 Haburská
13 1 Maximiliána Hella
14 1 Tomášikova
15 1 Herlianska
16 1 Pri jazere
17 1 Mraziarenská
20 1 Záhradnícka
22 1 Dulovo nám.
24 1 Svätoplukova
25 1 AS Mlynské nivy
27 1 Èulenova
29 1 Malá scéna
31 1 Šafárikovo nám.
0 0 KONIEC
3
-1
-1
-1
-1
50 -1
05 18 28 38 48 58 -1
08 18 28 39 48 58 -1
08 18 28 38 48 58 -1
08 18 28 38 48 58 -1
08 18 28 38 48 58 -1
08 18 28 38 48 58 -1
08 18 28 38 48 58 -1
08 18 28 38 48 58 -1
08 18 28 38 48 58 -1
09 18 28 38 48 58 -1
09 19 29 39 49 59 -1
09 18 29 40 50 59 -1
09 19 30 39 50 -1
00 11 22 33 44 55 -1
07 23 38 53 -1
08 20 34 50 -1
06 25 45 -1
04 25 45 -1
05 -1
-1
-1
-1
-1
50 -1
05 18 28 38 48 58 -1
08 18 28 39 48 58 -1
08 18 28 38 48 58 -1
08 18 28 38 48 58 -1
08 18 28 38 48 58 -1
08 18 28 38 48 58 -1
08 18 28 38 48 58 -1
08 18 28 38 48 58 -1
08 18 28 38 48 58 -1
09 18 28 38 48 58 -1
09 19 29 39 49 59 -1
09 18 29 40 50 59 -1
09 19 30 39 50 -1
00 11 22 33 44 55 -1
07 23 38 53 -1
08 20 34 50 -1
06 25 45 -1
04 25 45 -1
05 -1
-1
-1
-1
-1
50 -1
10 30 45 -1
00 15 30 45 -1
00 15 30 45 -1
00 15 30 45 -1
00 15 30 45 -1
00 15 30 45 -1
00 15 30 45 -1
00 15 30 45 -1
00 15 30 45 -1
00 15 30 45 -1
00 15 30 45 -1
00 15 30 45 -1
00 15 30 45 -1
00 15 30 45 -1
00 15 30 45 -1
00 15 32 49 -1
06 23 42 -1
04 24 45 -1
05 -1
