51
A
04.09.2000
01.07.2001
0 1 Nobelova
1 1 Trojdomy
2 1 Staré ihrisko
4 1 Odborárska
5 1 Zátišie
6 1 POLUS CITY CENTER
8 1 Nová doba
10 1 Tehelná
13 1 Trnavské mýto
14 1 Tehelná
17 1 Pionierska
19 1 Sliaèska
20 1 zKrahulèia
21 1 Lopenícka
0 0 KONIEC
3
-1
-1
-1
-1
30 -1
0 30 -1
0 30 -1
0 30 -1
3 37 -1
11 45 -1
18 52 -1
22 54 -1
24 56 -1
26 48 -1
18 50 -1
21 57 -1
29 -1
4 36 -1
6 36 -1
6 36 -1
-1
-1
-1
-1
-1
-1
-1
-1
30 -1
0 30 -1
0 30 -1
0 30 -1
3 37 -1
11 45 -1
18 52 -1
22 54 -1
24 56 -1
26 48 -1
18 50 -1
21 57 -1
29 -1
4 36 -1
6 36 -1
6 36 -1
-1
-1
-1
-1
-1
-1
-1
-1
-1
-1
-1
-1
-1
-1
-1
-1
-1
-1
-1
-1
-1
-1
-1
-1
-1
-1
-1
-1
