52
A
03.07.2000
01.07.2001
0 2 Na pasekách
1 2 Východné
1 2 Lokomotívne depo I
2 2 Sklabinská
3 2 Pri Šajbách
4 2 Pastierska
6 2 Stolárska
7 2 Èachtická
8 2 Závadská
9 2 Tbiliská
0 0 KONIEC
3
-1
-1
-1
-1
-1
0 15 30 40 49 59 -1
7 15 23 31 39 47 55 -1
3 11 19 27 35 43 51 59 -1
9 20 -1
-1
-1
-1
-1
25 37 49 -1
1 13 25 37 49 -1
1 13 25 37 49 -1
1 13 25 37 49 -1
1 13 25 37 50 -1
5 20 38 -1
-1
-1
-1
-1
-1
-1
-1
-1
-1
-1
0 15 29 41 53 -1
5 17 29 41 53 -1
5 17 29 41 53 -1
5 20 -1
-1
-1
-1
-1
25 43 58 -1
13 28 43 58 -1
13 28 43 58 -1
13 28 43 58 -1
13 28 43 -1
0 18 38 -1
-1
-1
-1
-1
-1
-1
-1
-1
-1
-1
-1
-1
-1
-1
-1
-1
-1
-1
-1
-1
-1
-1
-1
-1
-1
-1
-1
-1
-1
