63
A
08.01.2001
01.07.2001
0 1 Bojnická
1 1 Vozovòa Trnávka
3 1 BauMax
6 1 IKEA
7 1 Bajkalská
9 1 Zimný štadión
11 1 Trnavské mýto
13 1 Raèianske mýto
17 1 SAV
19 1 Hroboòova
21 1 Patrónka
25 2 Záluhy
27 2 Vranèovièova
29 2 Bakošova
30 2 Podháj
31 2 Studenohorská
32 2 Klanec
33 2 Lamaè
0 0 KONIEC
3
-1
-1
-1
-1
10 24 38 52 -1
5 17 29 41 53 -1
5 17 29 41 53 -1
5 17 29 41 53 -1
-1
-1
-1
-1
10 46 -1
15 33 48 -1
3 18 33 48 -1
3 18 33 48 -1
3 18 33 48 -1
3 18 33 48 -1
4 19 -1
-1
-1
-1
-1
-1
-1
-1
-1
-1
7 24 39 54 -1
9 24 39 54 -1
9 24 39 54 -1
9 24 -1
-1
-1
-1
-1
-1
15 33 48 -1
3 18 33 48 -1
3 18 33 48 -1
3 18 33 48 -1
3 18 33 48 -1
4 19 -1
-1
-1
-1
-1
-1
-1
-1
-1
-1
-1
-1
-1
-1
-1
-1
-1
-1
-1
-1
-1
-1
-1
-1
-1
-1
-1
-1
-1
-1
