63
A
08.01.2001
01.07.2001
0 2 Lamaè
1 2 Klanec
2 2 Studenohorská
3 2 Podháj
4 2 Bakošova
6 2 Vranèovièova
8 2 Záluhy
13 1 Patrónka
15 1 Hroboòova
18 1 Predstanièné nám.
21 1 Raèianske mýto
22 1 Trnavské mýto
24 1 Zimný štadión
26 1 Bajkalská
27 1 IKEA
29 1 BauMax
31 1 Vozovòa Trnávka
33 1 Bojnická
0 0 KONIEC
3
-1
-1
-1
-1
43 57 -1
13 28 41 53 -1
5 17 30 42 54 -1
6 18 30 42 54 -1
6 18 30 -1
-1
-1
-1
47 -1
24 -1
0 20 35 50 -1
5 20 35 50 -1
5 20 35 50 -1
5 20 35 50 -1
5 20 35 55 -1
-1
-1
-1
-1
-1
-1
-1
-1
-1
40 59 -1
19 39 55 -1
10 25 40 55 -1
10 25 40 55 -1
10 -1
-1
-1
-1
-1
-1
0 20 35 50 -1
5 20 35 50 -1
5 20 35 50 -1
5 20 35 50 -1
5 20 35 50 -1
5 -1
-1
-1
-1
-1
-1
-1
-1
-1
-1
-1
-1
-1
-1
-1
-1
-1
-1
-1
-1
-1
-1
-1
-1
-1
-1
-1
-1
-1
