78
A
04.09.200
01.07.2001
0 2 Èiližská
1 2 Žitavská
2 2 Dudvážska
3 2 Hronská
4 2 Toryská
5 2 Stavbárska
6 2 Estónska
7 2 Šíravská
8 2 Šípová
9 2 Majerská
10 2 zVrakuòa-záhrady
14 1 Astronomická
15 1 Súmraèná
17 1 Maximiliána Hella
19 1 Solivarská
20 1 Tokajícka
23 1 Bajkalská
24 1 Zimný štadión
26 1 Trnavské mýto
28 1 Krížna
29 1 Šoltésovej
31 1 Mlynské nivy
32 1 Èulenova
34 1 Malá scéna
38 1 Farského
40 1 Nám. hranièiarov
41 1 Hrobákova
42 1 Romanova
43 1 Bradáèova
44 1 TECHNOPOL
45 1 Tupolevova
46 1 Smolenická
47 1 Holíèska
0 0 KONIEC
3
-1
-1
-1
-1
40 58 -1
10 20 30 40 48 56 -1
4 12 20 28 36 44 52 -1
0 8 16 24 32 40 48 56 -1
5 20 35 50 -1
5 20 35 50 -1
5 20 35 50 -1
5 20 35 50 -1
5 20 35 50 -1
5 20 35 50 -1
4 17 30 42 50 58 -1
6 14 22 30 38 46 54 -1
2 10 18 26 34 42 50 58 -1
6 14 22 30 38 46 54 -1
5 16 27 38 49 -1
0 11 22 35 50 -1
5 20 35 50 -1
5 20 40 -1
0 20 40 -1
0 -1
-1
-1
-1
-1
40 -1
0 15 30 45 55 -1
5 15 25 35 45 55 -1
5 15 25 35 45 55 -1
5 18 33 48 -1
3 18 33 48 -1
3 18 33 48 -1
3 18 33 48 -1
3 18 33 48 -1
3 18 33 48 -1
3 18 33 44 54 -1
4 14 24 34 44 54 -1
4 14 24 34 44 54 -1
4 14 24 34 44 54 -1
6 18 30 42 54 -1
6 18 30 42 54 -1
7 22 37 52 -1
7 22 40 -1
0 20 40 -1
0 -1
-1
-1
-1
-1
-1
-1
-1
-1
-1
-1
-1
-1
-1
-1
-1
-1
-1
-1
-1
-1
-1
-1
-1
-1
