78
A
04.09.2000
01.07.2001
0 1 Holíèska
1 1 Smolenická
2 1 Tupolevova
4 1 TECHNOPOL
5 1 Bradáèova
6 1 Romanova
7 1 Hrobákova
8 1 Nám. hranièiarov
10 1 Farského
14 1 Malá scéna
15 1 Èulenova
17 1 Mlynské nivy
18 1 Šoltésovej
20 1 Krížna
21 1 Trnavské mýto
24 1 Zimný štadión
26 1 Bajkalská
28 1 Tokajícka
29 1 Solivarská
31 1 Maximiliána Hella
33 1 Súmraèná
35 1 Astronomická
38 2 zVrakuòa-záhrady
39 2 Majerská
40 2 Šípová
41 2 Šíravská
42 2 Estónska
43 2 Stavbárska
44 2 Toryská
45 2 Hronská
46 2 Dudvážska
48 2 Èiližská
0 0 KONIEC
3
-1
-1
-1
-1
40 58 -1
10 20 30 40 48 56 -1
4 12 20 28 36 44 52 -1
0 8 16 24 32 40 48 56 -1
5 20 35 50 -1
5 20 35 50 -1
5 20 35 50 -1
5 20 35 50 -1
5 20 35 50 -1
5 20 35 50 -1
4 17 30 42 50 58 -1
6 14 22 30 38 46 54 -1
2 10 18 26 34 42 50 58 -1
6 14 22 30 38 46 54 -1
5 16 27 38 49 -1
0 11 22 35 50 -1
5 20 35 50 -1
5 20 40 -1
0 20 40 -1
0 -1
-1
-1
-1
-1
40 -1
0 15 30 45 55 -1
5 15 25 35 45 55 -1
5 15 25 35 45 55 -1
5 18 33 48 -1
3 18 33 48 -1
3 18 33 48 -1
3 18 33 48 -1
3 18 33 48 -1
3 18 33 48 -1
3 18 33 44 54 -1
4 14 24 34 44 54 -1
4 14 24 34 44 54 -1
4 14 24 34 44 54 -1
6 18 30 42 54 -1
6 18 30 42 54 -1
7 22 37 52 -1
7 22 40 -1
0 20 40 -1
0 -1
-1
-1
-1
-1
-1
-1
-1
-1
-1
-1
-1
-1
-1
-1
-1
-1
-1
-1
-1
-1
-1
-1
-1
-1
