80
A
30.03.1998
01.07.2001
0 1 Nový most
2 1 Dvory
4 1 Hálova
5 1 Jungmannova
6 1 Nám. hranièiarov
8 1 Hrobákova
9 1 Romanova
10 1 Markova
11 1 Prokofievova
0 0 KONIEC
3
-1
-1
-1
-1
-1
0 15 30 42 54 -1
6 18 30 42 54 -1
6 18 30 42 54 -1
10 30 50 -1
10 30 50 -1
10 30 50 -1
10 30 50 -1
10 30 50 -1
10 30 50 -1
8 20 32 44 56 -1
8 20 32 44 56 -1
8 20 32 44 56 -1
8 20 32 44 56 -1
10 25 45 -1
5 25 45 -1
5 25 45 -1
5 25 45 -1
5 25 45 -1
5 -1
-1
-1
-1
-1
-1
0 15 30 42 54 -1
6 18 30 42 54 -1
6 18 30 42 54 -1
10 30 50 -1
10 30 50 -1
10 30 50 -1
10 30 50 -1
10 30 50 -1
10 30 50 -1
8 20 32 44 56 -1
8 20 32 44 56 -1
8 20 32 44 56 -1
8 20 32 44 56 -1
10 25 45 -1
5 25 45 -1
5 25 45 -1
5 25 45 -1
5 25 45 -1
5 -1
-1
-1
-1
-1
-1
0 25 50 -1
15 35 55 -1
15 35 55 -1
13 31 49 -1
7 25 43 -1
1 19 37 55 -1
13 31 49 -1
7 25 43 -1
1 19 37 55 -1
13 31 49 -1
7 25 43 -1
1 19 37 55 -1
13 31 49 -1
7 25 43 -1
1 20 40 -1
0 20 40 -1
0 25 50 -1
15 40 -1
5 -1
