81
A
04.09.2000
01.07.2001
0 1 Hlavná stanica
2 1 SAV
4 1 Hodžovo nám.
6 1 Zochova
8 1 Einsteinova
10 1 Kremnická
11 1 Záporožská
13 1 Hálová
14 1 Jungmannova
15 1 Nám. hranièiarov
17 1 Hrobákova
18 1 Romanova
19 1 Bradáèova
20 1 TECHNOPOL
21 1 +Malý Draždiak
22 1 +Dostihová dráha
0 0 KONIEC
3
-1
-1
-1
-1
42 58 -1
12 24+ 36 46+ 56 -1
6+ 16 26+ 36+ 46+ 56 -1
6 16 26+ 36+ 46 56 -1
6 16+ 27+ 39 51 -1
3 15 27 39 51+ -1
3 15 27 39 51 -1
3 15+ 27 39 51 -1
3 15 27 39+ 51 -1
3 15 27 39 51 -1
3 15 25 35 45+ 55 -1
5+ 15+ 25 35 45 55+ -1
5 15+ 25 35 45 55 -1
5 15 25+ 35 45 55 -1
5+ 15 25 35+ 45 55 -1
5 15 27+ 39 51 -1
3 17 31 45 59 -1
13 28 44 -1
2 22 42 -1
2 -1
-1
-1
-1
-1
42 58 -1
12 24+ 36 46+ 56 -1
6+ 16 26+ 36+ 46+ 56 -1
6 16 26+ 36+ 46 56 -1
6 16+ 27+ 39 51 -1
3 15 27 39 51+ -1
3 15 27 39 51 -1
3 15+ 27 39 51 -1
3 15 27 39+ 51 -1
3 15 27 39 51 -1
3 15 25 35 45+ 55 -1
5+ 15+ 25 35 45 55+ -1
5 15+ 25 35 45 55 -1
5 15 25+ 35 45 55 -1
5+ 15 25 35+ 45 55 -1
5 15 27+ 39 51 -1
3 17 31 45 59 -1
13 28 44 -1
2 22 42 -1
2 -1
-1
-1
-1
-1
43 -1
5 25 45 -1
3 18 33 48 -1
3 18 33 48 -1
3 18 33 48 -1
3 18 33 48 -1
3 18 33 48 -1
3 18 33 48 -1
3 18 33 48 -1
3 18 33 48 -1
3 18 33 48 -1
3 18 33 48 -1
3 18 33 48 -1
3 18 33 48 -1
3 18 33 48 -1
3 18 33 48 -1
3 18 33 49 -1
7 25 43 -1
2 22 42 -1
2 -1
