82
A
02.05.2000
01.07.2001
0 1 Hlavná stanica
1 1 Predstanièné nám.
2 1 Karpatská
5 1 Raèianske mýto
6 1 Trnavské mýto
10 1 Záhradnícka
11 1 Dulovo nám.
13 1 Košická
14 1 Prístavná
15 1 Landererova
17 1 Malá scéna
20 1 zKrasovská
21 1 Viedenská cesta
22 1 Výstavisko
24 1 Kremnická
25 1 Záporožská
26 1 ŽST Petržalka
27 1 Kúpalisko Matador
0 0 KONIEC
3
-1
-1
-1
-1
-1
0 10 20 29 38 47 56 -1
5 14 23 32 41 50 59 -1
8 17 26 36 49 -1
2 15 28 41 54 -1
7 20 33 46 59 -1
12 25 38 51 -1
4 17 30 43 56 -1
9 22 35 48 -1
1 14 27 40 53 -1
3 13 23 33 43 53 -1
3 13 23 33 43 53 -1
3 13 23 33 43 53 -1
3 13 24 38 52 -1
6 20 34 48 -1
2 16 30 44 58 -1
12 26 40 -1
0 20 40 -1
0 20 40 -1
0 -1
-1
-1
-1
-1
55 -1
8 20 31 42 53 -1
4 15 26 37 48 59 -1
10 21 32 43 55 -1
10 25 40 55 -1
10 25 40 55 -1
10 25 40 55 -1
10 25 40 55 -1
10 25 40 55 -1
10 25 40 55 -1
8 13 26 39 52 -1
5 18 31 44 57 -1
10 23 36 49 -1
2 15 28 41 54 -1
10 27 44 -1
1 18 35 52 -1
9 26 45 -1
4 23 42 -1
2 21 40 -1
0 -1
-1
-1
-1
-1
55 -1
20 39 54 -1
16 31 46 -1
1 16 31 46 -1
1 16 31 46 -1
1 16 31 46 -1
0 15 31 46 -1
1 16 31 46 -1
1 16 31 46 -1
1 16 31 46 -1
1 16 31 46 -1
1 16 31 46 -1
1 16 31 46 -1
1 16 31 46 -1
1 16 31 46 -1
1 16 31 46 -1
2 19 39 59 -1
19 40 -1
5 30 -1
0 -1
