83
A
08.01.2001
01.07.2001
0 2 Pri kríži
1 2 Homolova
2 2 Štepná
3 2 Žatevná
4 2 Pekníkova
5 2 Drobného
6 2 Alexyho
7 2 Švantnerova
8 2 Damborského
10 2 Lipského
12 2 STK
14 1 Mokrohájska
16 1 Patrónka
18 1 Dubová
20 1 Hroboòova
22 1 Sokolská
24 1 SAV
26 1 Hodžovo nám.
28 1 Zochova
31 1 Dvory
33 1 Hálova
34 1 Jungmannova
35 1 Nám. hranièiarov
37 1 Lachova
39 1 Šustekova
39 1 Bulíkova
40 1 Ovsištské nám.
41 1 Ovsište
0 0 KONIEC
3
-1
-1
-1
-1
40 52 -1
2 11 19 27 35 42 48 54 -1
0 6 12 18 24 30 36 42 48 54 -1
0 6 12 18 24 30 36 42 48 54 -1
0 7 18 32 46 -1
0 14 28 42 56 -1
10 24 38 52 -1
6 20 34 48 -1
2 16 30 44 58 -1
12 26 40 54 -1
8 20 28 36 44 52 -1
0 8 16 24 32 40 48 56 -1
4 12 20 28 36 44 52 -1
0 8 16 24 32 40 48 56 -1
4 12 20 28 40 54 -1
8 22 36 50 -1
4 18 32 46 -1
0 14 29 44 -1
0 19 40 -1
0 -1
-1
-1
-1
-1
40 55 -1
9 23 34 46 58 -1
10 20 30 40 50 -1
0 10 20 30 40 51 -1
3 15 27 39 52 -1
6 20 34 48 -1
2 16 30 44 58 -1
12 26 40 54 -1
8 22 36 50 -1
4 18 32 46 -1
0 14 28 42 54 -1
6 18 30 42 54 -1
6 18 30 42 54 -1
6 18 30 42 54 -1
6 20 34 48 -1
2 16 30 44 58 -1
12 26 40 54 -1
9 24 40 -1
0 19 40 -1
0 -1
-1
-1
-1
-1
40 55 -1
6 21 40 52 -1
4 16 28 40 52 -1
4 16 28 40 52 -1
4 16 28 40 52 -1
4 16 28 40 52 -1
4 16 28 40 52 -1
4 16 28 40 52 -1
4 16 28 40 52 -1
4 16 28 40 52 -1
4 16 28 40 52 -1
4 16 28 40 52 -1
4 16 28 40 52 -1
4 16 28 40 52 -1
4 16 28 40 52 -1
4 18 32 46 -1
0 14 28 42 56 -1
10 24 38 -1
0 19 40 -1
0 -1
