84
A
04.09.2000
01.07.2001
0 1 Ovsište
0 1 Ovsištské nám.
3 1 Ekonomická univerzita
4 1 Bosákova
5 1 Mlynarovièova
7 1 Farského
9 1 Jungmannova
10 1 Hálova
12 1 Dvory
15 1 Zochova
17 1 Hodžovo nám.
19 1 SAV
20 1 Sokolská
22 1 Hroboòova
24 1 Prokopa Ve¾kého
0 0 KONIEC
3
-1
-1
-1
-1
-1
30 45 -1
0 8 16 24 32 40 48 56 -1
4 12 20 28 36 44 52 -1
0 8 19 34 49 -1
4 19 34 49 -1
4 19 34 49 -1
4 19 34 49 -1
4 19 34 35 49 -1
2 14 26 38 50 -1
2 14 26 36 46 56 -1
3 6 16 26 36 46 56 -1
6 16 26 36 46 51 56 -1
8 20 32 44 56 -1
8 20 32 38 50 -1
5 25 -1
-1
-1
-1
-1
-1
-1
-1
-1
-1
30 45 -1
0 13 25 37 49 -1
1 13 25 37 49 -1
1 -1
-1
-1
-1
-1
55 -1
7 19 31 43 55 -1
7 19 31 43 55 -1
7 19 31 43 55 -1
7 19 31 43 55 -1
10 25 40 55 -1
-1
-1
-1
-1
-1
-1
-1
-1
-1
-1
-1
-1
-1
-1
-1
-1
-1
-1
-1
-1
-1
-1
-1
-1
-1
-1
-1
-1
-1
