86
A
08.01.2001
01.07.2001
0 1 Kúpalisko Matador
1 1 ŽST Petržalka
3 1 Závod Matador
4 1 Kopèany-sídlisko
5 1 TERNO
7 1 Švabinského
8 1 Markova
9 1 Romanova
10 1 Hrobákova
11 1 Starohájska
13 1 Lachova
14 1 Bosákova
19 1 Prístavný most
21 1 Prievozská
23 1 Miletièova
24 1 Trenèianska
25 1 Záhradnícka
27 1 Mraziarenská
30 1 Tokajícka
31 1 Solivarská
33 1 Maximiliána Hella
35 1 OD Ružinov
36 1 Nevädzová
38 1 Mierová
39 1 Krásna
40 1 Syslia
41 1 ŽST ÚNS
42 1 Domkárska
0 0 KONIEC
3
-1
-1
-1
-1
40 55 -1
10 25 40 52 -1
4 16 28 40 52 -1
4 15 27 43 59 -1
15 31 47 -1
3 19 35 51 -1
7 23 39 55 -1
11 27 43 59 -1
15 31 47 -1
3 19 35 51 -1
4 16 28 40 52 -1
4 16 28 40 52 -1
4 16 29 40 52 -1
4 16 29 41 55 -1
10 24 38 52 -1
6 22 38 54 -1
10 26 42 58 -1
13 29 45 -1
2 20 41 -1
1 -1
-1
-1
-1
-1
40 55 -1
10 25 40 52 -1
4 16 28 40 52 -1
4 15 27 43 59 -1
15 31 47 -1
3 19 35 51 -1
7 23 39 55 -1
11 27 43 59 -1
15 31 47 -1
3 19 35 51 -1
4 16 28 40 52 -1
4 16 28 40 52 -1
4 16 29 40 52 -1
4 16 29 41 55 -1
10 24 38 52 -1
6 22 38 54 -1
10 26 42 58 -1
13 29 45 -1
2 20 41 -1
1 -1
-1
-1
-1
-1
40 -1
2 22 42 -1
2 22 42 -1
2 22 42 -1
2 22 37 52 -1
7 22 37 52 -1
7 22 37 52 -1
7 22 37 52 -1
7 22 37 52 -1
7 22 37 52 -1
7 22 37 52 -1
7 22 37 52 -1
7 22 37 52 -1
7 22 37 52 -1
7 22 37 52 -1
7 22 38 54 -1
10 26 42 58 -1
13 29 45 -1
2 21 41 -1
5 -1
