86
A
08.01.2001
01.07.2001
0 1 Domkárska
1 1 ŽST ÚNS
2 1 Syslia
3 1 Krásna
5 1 Mierová
6 1 Nevädzová
8 1 OD Ružinov
10 1 Maximiliána Hella
11 1 Solivarská
13 1 Tokajícka
15 1 Mraziarenská
18 1 Záhradnícka
19 1 Trenèianska
21 1 Miletièova
22 1 Prievozská
24 1 Prístavný most
29 1 Bosákova
31 1 Lachova
33 1 Starohájska
34 1 Hrobákova
35 1 Romanova
36 1 Markova
37 1 Švabinského
38 1 TERNO
39 1 Kopèany-sídlisko
41 1 Závod Matador
42 1 ŽST Petržalka
43 1 Kúpalisko Matador
0 0 KONIEC
3
-1
-1
-1
-1
40 55 -1
8 21 33 45 57 -1
9 21 33 45 57 -1
9 21 35 51 -1
6 21 37 53 -1
9 25 41 57 -1
13 29 45 -1
1 17 33 49 -1
5 21 37 53 -1
9 25 41 57 -1
10 22 34 46 58 -1
10 22 34 46 58 -1
10 22 35 49 -1
3 17 31 45 -1
0 16 32 48 -1
4 20 36 52 -1
8 24 40 -1
0 20 40 -1
0 20 40 -1
5 -1
-1
-1
-1
-1
40 55 -1
8 21 33 45 57 -1
9 21 33 45 57 -1
9 21 35 51 -1
6 21 37 53 -1
9 25 41 57 -1
13 29 45 -1
1 17 33 49 -1
5 21 37 53 -1
9 25 41 57 -1
10 22 34 46 58 -1
10 22 34 46 58 -1
10 22 35 49 -1
3 17 31 45 -1
0 16 32 48 -1
4 20 36 52 -1
8 24 40 -1
0 20 40 -1
0 20 40 -1
5 -1
-1
-1
-1
-1
40 -1
0 20 40 -1
0 20 40 -1
0 20 35 50 -1
5 20 35 50 -1
5 20 35 50 -1
5 20 35 50 -1
5 20 35 50 -1
5 20 35 50 -1
5 20 35 50 -1
5 20 35 50 -1
5 20 35 50 -1
5 20 35 50 -1
5 20 35 50 -1
5 20 35 50 -1
5 20 36 52 -1
8 24 40 -1
0 20 40 -1
0 20 40 -1
5 -1
