89
A
04.09.2000
01.07.2001
0 1 AS Mlynské nivy
2 1 Èulenova
4 1 Malá scéna
8 1 Farského
10 1 Jungmannova
11 1 Hálova
13 1 Rusovská cesta
14 1 Ševèenkova
17 1 Kopèany-sídlisko
18 1 Kopèianska
19 1 Kopèany
0 0 KONIEC
3
-1
-1
-1
-1
28 52 -1
11 34 49 -1
1 13 28 40 52 -1
4 16 28 40 52 -1
8 28 48 -1
8 28 48 -1
8 28 48 -1
8 28 48 -1
8 28 48 -1
8 28 48 -1
8 20 32 44 56 -1
8 20 32 44 56 -1
8 20 32 44 56 -1
8 20 32 44 56 -1
8 20 31 44 58 -1
13 28 43 59 -1
19 39 59 -1
19 36 56 -1
16 36 56 -1
-1
-1
-1
-1
-1
28 52 -1
11 34 49 -1
4 19 38 53 -1
8 23 38 53 -1
8 28 48 -1
8 28 48 -1
8 28 48 -1
8 28 48 -1
8 28 48 -1
8 28 48 -1
8 23 38 53 -1
8 23 38 53 -1
8 23 38 53 -1
8 23 38 53 -1
8 23 34 49 -1
4 19 34 49 -1
4 19 39 59 -1
19 36 56 -1
16 36 56 -1
-1
-1
-1
-1
-1
28 51 -1
11 34 54 -1
14 34 54 -1
14 34 54 -1
14 34 54 -1
14 34 54 -1
14 34 54 -1
14 34 54 -1
14 34 54 -1
14 34 54 -1
14 34 54 -1
14 34 54 -1
14 34 54 -1
14 34 54 -1
14 34 54 -1
14 34 54 -1
14 34 54 -1
14 31 51 -1
11 31 56 -1
-1
