95
A
18.03.2000
01.07.2001
0 1 Šafárikovo nám.
3 1 Farského
4 1 Mlynarovièova
6 1 Lachova
8 1 Starohájska
9 1 Hrobákova
10 1 Romanova
11 1 Markova
12 1 Švabinského
14 1 Smolenická
15 1 Holíèska
16 1 Šintavská
16 1 Streènianska
17 1 Lúèanka
19 1 ¼ubovnianska
19 1 Nemocnica Antolská
21 1 Antolská
0 0 KONIEC
3
-1
-1
-1
-1
55 -1
8 20 30 40 50 -1
0 10 20 30 40 50 -1
0 10 20 31 41 51 -1
1 16 31 46 -1
1 16 31 46 -1
0 16 31 46 -1
1 16 31 46 -1
1 16 31 46 -1
1 16 31 42 50 58 -1
6 14 22 30 38 44 53 -1
1 9 17 25 33 41 49 57 -1
5 13 21 29 37 45 53 -1
1 9 17 25 33 41 49 57 -1
5 15 26 38 50 -1
2 14 26 38 50 -1
2 14 26 40 55 -1
10 25 40 55 -1
10 25 40 -1
0 -1
-1
-1
-1
-1
55 -1
8 20 30 40 50 -1
0 10 20 30 40 50 -1
0 10 20 30 40 51 -1
4 19 34 49 -1
4 19 34 49 -1
4 19 34 49 -1
4 19 34 49 -1
4 19 34 49 -1
4 19 32 43 55 -1
5 15 25 35 45 55 -1
5 16 26 36 46 56 -1
6 16 27 37 47 57 -1
7 17 27 37 48 58 -1
8 18 28 38 48 58 -1
8 20 30 42 54 -1
8 17 29 43 55 -1
10 25 40 55 -1
10 26 41 -1
0 -1
-1
-1
-1
-1
-1
0 18 36 54 -1
10 25 40 55 -1
10 25 40 55 -1
10 25 40 55 -1
10 25 40 55 -1
10 25 40 55 -1
10 25 40 55 -1
10 25 40 55 -1
10 25 40 55 -1
10 25 40 55 -1
10 25 40 55 -1
10 25 40 55 -1
10 25 40 55 -1
10 25 40 55 -1
10 25 40 55 -1
10 25 40 55 -1
10 25 40 55 -1
10 25 40 -1
0 -1
