95
A
18.03.2000
01.07.2001
0 1 Antolská
0 1 Nemocnica Antolská
2 1 ¼ubovnianska
3 1 Lúèanka
4 1 Streènianska
5 1 Šintavská
6 1 Holíèska
7 1 Smolenická
8 1 Švabinského
9 1 Markova
11 1 Romanova
12 1 Hrobákova
13 1 Starohájska
14 1 Lachova
16 1 Bosákova
17 1 Mlynarovièova
18 1 Farského
21 1 Šafárikovo nám.
0 0 KONIEC
3
-1
-1
-1
-1
40 52 -1
3 14 24 34 44 54 -1
4 14 24 34 44 54 -1
5 15 25 35 45 55 -1
5 15 25 35 47 -1
1 16 31 46 -1
1 16 31 46 -1
1 16 31 45 -1
1 16 31 46 -1
1 16 31 46 -1
1 14 25 34 42 50 58 -1
6 14 22 30 38 46 54 -1
2 10 18 26 34 42 50 58 -1
6 14 22 30 39 49 -1
1 13 25 37 49 -1
1 13 25 37 49 -1
1 13 25 40 55 -1
10 25 40 55 -1
10 25 40 -1
0 -1
-1
-1
-1
-1
40 52 -1
3 14 24 34 44 54 -1
4 14 24 34 44 54 -1
4 14 24 34 44 54 -1
5 16 27 38 50 -1
5 20 35 50 -1
5 20 35 50 -1
5 20 35 50 -1
5 20 35 50 -1
5 20 35 50 -1
5 17 28 39 50 -1
0 10 20 30 40 50 -1
1 11 21 31 41 51 -1
1 11 22 32 42 52 -1
2 12 22 33 43 53 -1
4 16 28 40 52 -1
4 16 28 40 55 -1
10 25 40 55 -1
10 25 40 -1
0 -1
-1
-1
-1
-1
55 -1
15 34 52 -1
10 25 40 55 -1
10 25 40 55 -1
10 25 40 55 -1
10 25 40 55 -1
10 25 40 55 -1
10 25 40 55 -1
10 25 40 55 -1
10 25 40 55 -1
10 25 40 55 -1
10 25 40 55 -1
10 25 40 55 -1
10 25 40 55 -1
10 25 40 55 -1
10 25 40 55 -1
10 25 40 55 -1
10 25 40 55 -1
10 25 40 -1
0 -1
