98
A
03.07.2000
01.07.2001
0 1 OD Slimák
3 1 Nová doba
5 1 Bajkalská
8 1 Mliekarenská
10 1 Prístavný most
15 1 Bosákova
16 1 Lachova
18 1 Hrobákova
20 1 Markova
22 1 Smolenická
23 1 Holíèska
0 0 KONIEC
3
-1
-1
-1
-1
-1
0 14 26 38 50 -1
2 12 22 32 42 52 -1
2 12 22 32 42 52 -1
2 12 22 -1
-1
-1
-1
-1
40 -1
0 14 28 42 56 -1
8 20 32 44 56 -1
8 20 32 44 56 -1
8 20 32 44 58 -1
12 26 -1
-1
-1
-1
-1
-1
-1
-1
-1
-1
-1
0 15 27 39 51 -1
3 15 27 39 51 -1
3 15 26 38 50 -1
2 14 26 -1
-1
-1
-1
-1
41 55 -1
9 23 37 51 -1
5 19 33 47 -1
1 15 29 43 57 -1
11 25 39 54 -1
9 24 -1
-1
-1
-1
-1
-1
-1
-1
-1
-1
-1
-1
-1
-1
-1
-1
-1
-1
-1
-1
-1
-1
-1
-1
-1
-1
-1
-1
-1
-1
